11.460909 10.730128 10.872236 11.000537 10.433380 12.517778 12.804768 12.246281 12.502069 12.492721 12.128262 12.406636 14.020433 13.970006 14.310877 11.634784 13.073194 11.733613 13.698569
11.401604 11.718399 10.870856 9.965395 9.857600 11.679910 12.121346 12.509238 12.270575 14.046833 11.748948 12.218611 13.534061 12.852156 13.360227 11.401021 11.218823 11.363449 12.911256
10.006865 10.759155 10.020463 10.804029 10.387418 11.445991 11.667747 12.283141 12.437110 12.878316 13.196216 11.241385 12.649338 13.172833 13.224462 13.122826 11.008862 12.284173 13.515830
10.419847 10.583906 10.652215 12.564091 10.566998 11.868274 12.187303 11.177140 11.718363 13.342573 13.228842 11.982694 13.281014 13.661050 12.590765 13.625207 11.259086 11.361881 12.364417
11.432686 11.969291 11.582979 11.916556 10.917171 10.340538 12.298168 11.774656 12.342690 13.755510 12.631264 11.751705 12.756708 13.222541 13.261178 13.864695 11.814082 12.333568 12.532456
13.032641 13.184605 11.231788 10.968863 10.902027 10.657817 11.696273 12.798678 12.117597 13.436680 12.159877 11.534617 11.919608 12.018659 12.276066 11.685931 10.878618 12.997221 12.716249
12.924168 12.746061 11.355140 10.293571 10.298496 10.171467 10.824561 10.827102 11.795197 11.924629 10.969635 10.194871 11.498677 11.929313 11.360864 10.337119 9.628258 12.490419 11.770144
13.124218 12.726107 10.341631 11.099942 11.470908 10.468546 10.655342 10.607156 11.109590 10.708985 9.570799 10.432721 10.695995 11.959229 11.239864 10.700694 9.453376 11.528668 11.759474
12.982330 11.598070 11.152262 11.362206 13.072836 9.921550 10.548510 9.877973 10.710693 11.344099 10.588295 11.212924 11.072680 12.126114 12.606652 11.296379 10.595158 11.911355 12.162963
13.510357 12.546548 12.683089 12.035094 11.884774 11.377960 11.203340 10.776999 12.312593 12.127610 10.978083 10.640841 10.593051 12.248872 11.760004 11.401947 11.068004 11.701005 11.088890
13.418096 13.366017 12.328883 12.377085 10.874601 11.490460 11.288602 10.056847 11.953370 9.753197 10.207334 9.965320 9.648229 10.124656 12.005727 10.863792 11.216509 11.030354 10.938691
12.464355 12.289251 10.979321 11.183327 10.896811 10.627954 10.079485 10.891292 11.059591 10.613948 10.250436 10.709070 9.458884 9.868801 11.500620 11.286342 12.401198 11.988260 12.154661
12.187703 11.270377 11.186517 12.089453 11.573034 11.736094 10.132265 11.355424 12.531534 11.209714 9.494196 11.042342 10.166226 10.809346 9.622130 10.985036 13.183583 12.023660 14.110287
12.346474 12.631814 11.512166 13.459190 11.499658 11.364380 11.113474 11.670938 12.977453 10.454881 10.697288 11.947730 10.793522 11.620307 10.094397 10.727918 12.632805 13.170665 13.962796
12.224182 13.620838 11.303151 12.531423 11.836538 10.896458 12.235723 11.679625 12.315174 11.276663 10.968155 11.185526 12.250001 12.351250 11.531941 11.178845 10.972137 12.607963 12.164697
12.939766 12.692956 11.522176 10.697672 10.739128 9.580671 11.256865 11.145461 11.865733 10.086682 9.977962 11.230976 11.490156 12.642995 11.597834 10.920591 11.743625 11.800043 11.911548
11.894177 11.313321 11.976023 10.926435 8.748827 8.892840 10.666439 11.208447 12.519583 11.586667 11.615525 12.694150 13.583119 14.270350 12.950526 12.621197 13.213428 13.489474 13.649326
11.551022 11.610715 11.082897 12.146609 11.181597 9.158689 9.790465 10.654636 12.311401 12.180265 12.643757 12.944496 14.334498 14.140991 14.126885 14.085651 13.080917 13.368099 14.499055
11.366597 10.596609 11.267170 11.110991 10.335682 8.480068 10.259698 10.224188 9.988247 12.115081 12.314321 13.680876 14.384791 13.353613 14.008242 13.329297 14.186991 14.063281 13.950244
