2.854960 2.776569 1.873837 1.979348 1.829123 2.330569 2.020941 2.553724 1.720204 2.261282 2.153612 2.259439 2.166983 1.486580 2.432859 2.101932 2.778270 2.716395 3.001104 3.030562 3.375818 3.062429 2.918803 2.329669 1.141975 1.433073 1.436058 1.491037 1.791867 1.636706 1.584264 1.648710 1.993410 2.000826 2.084906 2.213295 2.231468 2.738594 3.110416 2.175862 2.278073 2.234044 2.430446 2.371456 1.898192 2.219229 1.741061 2.703503
1.792889 3.040225 1.960660 2.187389 2.176212 2.680275 2.254320 1.800753 2.391306 1.944028 2.795174 2.583067 2.806723 2.875134 2.392621 2.637598 2.429864 2.324804 2.784871 1.891681 2.400521 2.074979 2.519051 1.741234 1.896739 1.525439 1.947778 1.931344 1.684873 1.723342 1.640131 1.473451 2.290511 2.316067 2.695363 2.456490 2.606469 2.298465 2.603857 2.152643 1.681345 2.408028 2.771775 3.059415 2.037811 1.737095 1.924210 2.395566
2.065626 1.988693 1.586775 1.429922 2.302151 2.371465 2.456281 2.178835 2.499130 2.585291 2.926234 2.384190 2.614897 2.941688 2.015064 1.905869 2.188118 2.568510 2.416934 2.580280 1.720647 2.149454 1.639254 2.756731 1.891360 2.253120 3.002243 2.271874 1.780935 1.688912 2.000404 1.368401 1.761108 2.119226 2.164978 2.282517 2.247484 2.403610 2.265690 1.790808 1.958422 1.522899 2.968056 2.459478 2.366349 1.450291 1.357123 1.599758
2.462943 2.556145 2.064618 1.292732 2.097375 2.203410 2.774213 2.401925 2.861170 1.985840 1.538242 2.203939 1.846076 2.759919 2.385842 2.186907 1.456618 2.408733 2.662841 2.930075 2.588260 2.636309 1.811060 2.867758 2.922725 2.971825 2.911374 3.387116 2.256024 2.178072 1.871949 1.744384 1.425342 1.139639 2.346055 1.929151 2.431590 2.210178 2.368918 1.977641 1.873540 1.325481 2.275372 1.975556 1.825979 1.923156 1.666576 2.347003
2.985203 2.509881 2.262735 1.530416 1.273294 1.471745 2.442051 1.900060 2.461933 1.258780 1.280901 1.140915 2.226654 2.005919 2.319587 1.959377 2.149705 2.176511 2.662088 2.887738 2.065794 1.963657 1.837751 2.162787 2.902903 3.245354 2.721975 2.745974 2.155202 2.348219 1.862261 2.244824 1.437433 1.939600 2.092344 2.546149 2.096710 1.955742 2.187369 1.506329 1.806182 1.449072 2.044697 1.286622 1.871324 1.446995 2.648356 3.115886
2.553934 1.730401 1.895729 2.138411 1.559480 1.196601 1.593803 2.214676 1.746968 2.536913 1.305043 1.547862 2.200796 2.335359 2.530423 2.057735 2.865496 2.776892 2.852176 2.063308 2.060837 1.726504 1.819664 1.760245 2.336057 3.000124 2.831265 2.568723 2.248970 2.259028 2.840592 2.176215 2.947222 2.956123 2.927548 2.122391 2.467571 1.816949 1.657387 1.529079 1.208497 1.945222 1.443919 2.535443 1.381196 2.045936 1.605940 2.345888
1.609373 2.592516 2.151488 2.568763 2.208624 1.253085 1.432639 1.606170 1.930866 1.660532 1.684504 1.676439 1.588395 1.981437 1.780288 1.577562 1.758314 2.492074 2.891051 2.889257 2.414264 2.294939 1.997775 1.417950 2.478081 2.509038 3.283205 1.867867 2.314305 2.378571 2.113452 2.848889 2.454019 3.040343 3.046436 2.152251 2.127057 1.953884 1.818298 1.753806 2.069411 1.982149 2.065482 1.519994 2.412511 2.339402 2.437187 2.379105
1.969991 2.059332 2.856466 2.271407 2.624149 1.249191 2.027983 1.938786 1.623721 1.795263 1.485582 1.822741 1.480125 1.671244 1.468122 1.099921 1.696413 1.627925 2.914762 3.267167 3.000918 2.772936 2.583149 2.745226 2.981812 3.110030 2.996775 2.782263 1.987981 1.824775 1.614792 1.946642 1.905403 2.342852 2.080217 2.646157 2.548592 2.683826 2.201470 2.148885 2.771316 2.455915 2.014698 1.502118 2.143001 2.562293 2.624466 2.674976
2.361810 2.025665 2.082452 3.103501 2.528742 1.956850 1.831305 2.005363 1.762708 1.469054 1.610029 2.119366 2.344928 1.971469 1.480813 1.652789 1.806575 2.332906 2.319714 2.790929 2.560951 2.635031 2.041190 2.774325 2.421050 3.115008 2.828965 2.859667 1.248737 1.227990 1.330546 1.480674 1.588798 1.375103 1.882815 2.232759 3.083347 3.355824 2.051065 2.398601 2.365551 2.911337 2.674158 1.631113 2.313194 2.126194 2.480725 2.380031
2.193241 2.044831 2.357436 2.094846 2.682072 1.851360 1.540526 2.129859 2.272500 1.739745 2.410908 2.633384 2.980824 3.080417 2.214122 2.441627 2.483190 3.389108 3.368898 2.272321 1.806916 1.527285 2.305383 1.836368 2.208254 2.769340 2.421999 2.762559 1.523621 1.818772 1.513152 1.717918 1.696020 1.020845 1.432439 1.683429 1.863854 2.874182 2.435636 2.605011 2.738599 2.900091 2.665973 2.724963 1.779841 2.702186 2.270229 2.449402
1.645238 1.615701 2.520340 1.893634 1.733984 1.648317 1.832498 2.040027 2.487829 1.781780 2.411802 2.547837 2.755490 2.187384 2.426309 2.603057 2.754199 3.525594 3.092708 3.048136 1.597238 2.004225 2.757393 3.047960 2.436924 2.646267 2.639484 2.295044 1.580889 1.306171 1.633890 1.696310 2.017898 2.391309 1.533783 1.303099 1.192010 2.039369 3.166504 3.419231 3.472662 2.938104 2.523962 2.034498 2.529332 2.083764 2.703722 2.308964
1.812431 1.659874 1.960440 1.644413 2.102931 0.958363 1.683921 2.253651 2.245858 2.760719 2.031865 2.482750 1.540590 1.510078 2.200768 2.375777 2.788955 2.804589 2.970617 2.542045 2.387713 1.967674 3.057248 2.954948 3.348351 2.792215 2.236668 1.881718 1.215588 1.313680 1.245415 2.004555 1.635806 2.858193 2.278989 1.680575 2.044093 2.033269 3.305999 2.508319 3.432550 2.451724 2.211463 1.687222 1.765850 1.890012 2.240726 2.300562
1.494070 1.056354 1.327679 1.383607 1.344500 0.981370 1.022243 2.161249 2.030951 2.656332 2.289331 1.912690 1.676979 1.379382 1.667740 2.041571 2.126072 2.772888 2.606312 2.858937 2.132554 2.726582 1.884091 3.388949 3.038643 3.449252 2.641527 2.047393 1.902968 1.505899 1.368689 1.450752 1.935618 2.099910 2.342894 2.560870 1.985608 2.034740 1.580028 2.433649 1.522650 2.273695 1.861444 1.430960 2.090447 1.524455 2.571815 2.692954
1.857708 1.519586 1.546335 1.822708 1.359647 1.254982 0.894976 1.276645 2.420672 2.083616 2.599525 2.211746 2.077645 1.916270 2.572273 2.437066 2.892885 2.564246 3.252864 2.832510 2.186202 1.528680 2.407910 2.133975 3.061733 2.742500 3.098429 2.725236 1.988099 2.128832 1.854133 2.036396 1.832226 2.069182 1.655518 1.502887 1.784846 1.077739 1.457393 1.428737 2.253780 1.033847 2.215734 2.120531 2.367882 2.481742 2.231700 2.382861
1.899870 2.360405 2.078060 2.133821 2.865634 1.765176 1.924802 1.742035 2.388089 2.748715 1.942153 2.496903 1.881035 2.594298 2.220263 2.247521 2.428963 2.818335 2.990289 2.100555 1.766575 0.916855 1.662187 2.491061 1.851114 2.905285 2.735469 2.930222 2.645850 1.293436 2.387349 2.487710 2.710931 1.819801 2.259710 1.343320 1.628230 1.405147 1.407300 1.720477 1.526075 1.839694 1.713918 3.285926 2.903395 2.368161 2.063642 2.011764
2.124943 2.459449 2.373830 3.021500 2.908100 2.653712 1.655533 2.268913 2.479996 2.635634 2.471711 2.356315 2.142403 2.195849 1.831135 2.080860 2.343693 2.490883 3.150438 1.798860 1.859950 1.146983 1.303631 1.885013 2.194955 2.030959 2.967348 2.701088 2.716034 1.993298 2.140340 2.647996 3.100325 2.583841 2.711826 2.246053 1.516656 2.242872 1.941979 2.112809 1.488395 1.891182 2.452075 2.703589 3.360091 2.706207 2.181008 1.930649
2.088613 1.351813 2.515237 3.001933 2.590214 2.204956 1.410481 1.370681 2.426709 2.328067 3.166152 1.467236 2.644332 2.324402 2.394739 1.536413 2.129871 2.336621 2.906794 2.226198 1.973460 2.180217 1.864747 2.413562 2.394672 2.027268 2.698655 2.323256 3.154517 1.730762 2.115475 1.672379 2.591725 2.558614 2.332542 2.529660 1.832565 1.975103 2.068514 2.140513 1.260612 1.908314 1.963440 2.444255 2.682101 2.566079 2.697811 2.232884
1.670514 1.653288 1.371520 2.567039 2.294092 1.698472 1.893781 1.906110 2.063612 2.709742 1.892056 2.280539 1.633209 2.325799 2.207042 2.025024 1.752560 2.744775 2.316867 2.463608 2.742769 2.219554 3.309047 2.327604 2.941823 1.760880 1.812964 2.171466 2.711975 2.757640 2.359276 2.024933 2.464122 2.562802 3.086857 2.326028 1.922495 2.577424 1.681320 1.788598 0.912882 1.655602 2.251954 1.816421 2.324732 2.470371 2.256774 2.992570
2.297101 1.480940 1.207398 2.193358 1.895561 2.020900 1.919742 2.561846 2.321977 2.107778 1.835656 1.433110 1.431368 1.711326 1.677913 1.954495 2.114746 2.151154 2.542939 2.563528 2.230425 3.116351 3.224612 3.369603 2.508163 2.108439 2.190952 1.510634 2.821212 2.156139 2.942627 2.481289 3.052831 2.838197 2.533218 2.370384 1.698220 1.856453 1.501972 1.407500 1.290481 1.820706 1.977110 2.174464 1.596162 2.674455 2.677833 2.915377
1.467054 1.595314 2.117423 1.554754 2.353230 1.987842 1.756103 2.608579 3.143947 2.212300 1.342464 1.186692 1.187981 0.867533 1.415918 1.971079 2.093630 2.512375 2.115388 2.215024 1.908246 2.728166 2.963780 2.397564 2.500910 2.044323 2.186081 2.675556 2.032921 2.239374 1.990905 3.494698 3.194632 3.130231 2.044060 2.105682 1.894118 2.117857 2.040553 1.309158 1.815532 2.397736 2.070663 2.201715 1.399796 3.009042 2.511300 3.056658
1.287803 2.360584 2.478695 2.860064 2.372943 2.025173 2.279421 2.002237 2.245387 2.268892 1.372905 0.853931 1.241763 1.183685 1.295354 1.331137 2.948668 2.466007 2.142333 2.474983 2.868106 2.101396 2.562160 2.478379 2.547326 2.802659 2.743623 2.557208 1.522133 1.809482 2.083523 2.067698 3.508283 2.633178 2.532379 1.913014 2.598387 2.880557 1.710598 1.739620 1.280424 2.634466 1.913803 1.949270 1.409665 2.070142 2.452713 2.774977
1.644790 1.978457 2.735771 3.217782 2.767952 2.523469 1.458322 2.450688 2.005047 1.795181 1.966274 1.645683 1.234442 1.522719 1.448094 1.299320 2.421210 3.237296 2.712720 2.566118 2.636691 2.479141 2.337174 2.815774 3.238574 2.691836 2.547425 1.718287 2.341817 1.718073 2.492601 2.785798 2.213210 2.167822 2.295899 2.719103 3.001148 3.002125 2.967139 2.447900 1.857211 2.220667 1.881958 1.750898 1.835529 1.865223 1.769263 2.002209
2.377562 2.662008 2.734977 3.181100 2.943735 2.533689 1.857499 2.271732 1.697087 2.534984 1.765203 2.112140 2.398848 1.177416 1.433428 1.628280 2.183372 2.657317 3.410162 2.784900 3.135686 2.555028 3.271304 2.433291 2.954691 2.317756 2.114109 2.446693 1.493170 2.053836 1.967508 1.955863 1.328024 1.494841 1.918431 2.483709 2.586524 2.395924 2.252193 2.138538 2.514938 1.495546 2.404973 1.887211 2.484132 2.247127 2.123012 1.621969
2.848002 3.243480 2.767970 2.498924 2.237285 2.457285 2.431034 2.693743 2.120125 2.588618 2.377262 2.498559 2.357745 2.689730 2.562521 1.894351 2.581088 2.666136 3.096459 2.716614 3.086654 2.257608 2.798599 2.851117 2.747610 2.333553 2.654508 2.018166 2.248165 1.896164 1.335538 1.480709 0.998109 1.577981 1.675121 2.474841 1.366433 1.361844 1.283785 2.140894 2.568846 2.682881 1.903393 2.484042 2.283144 2.333601 2.902729 1.869157
2.594271 2.783863 3.087420 2.935479 2.157916 2.251689 2.952985 2.748765 2.959716 2.108827 2.362887 1.747273 2.633437 2.885529 3.614755 3.072918 2.896060 3.475055 2.986806 2.134587 1.834458 1.967379 2.408579 2.907596 3.457438 2.404610 2.169023 2.374656 1.799206 2.482397 2.079259 1.374924 1.836963 1.889741 2.593038 1.911869 1.603389 1.171860 1.081015 1.841039 2.716540 3.041860 2.369316 2.579116 2.551471 2.302151 1.973825 2.511506
1.819032 2.414331 2.747493 2.714631 2.243932 1.572508 2.073691 2.965540 3.267147 2.690531 1.824195 2.042239 2.038423 3.043090 3.528451 3.238181 3.581671 3.049412 3.286443 2.470659 1.871519 1.408286 2.178947 2.621227 2.570515 2.703944 1.134874 1.727180 2.356953 1.675176 2.853863 2.141006 2.337264 2.178635 2.504514 2.375830 1.658366 1.244809 0.945296 1.740437 2.059063 3.291119 3.159885 3.121619 2.805494 2.500291 2.490787 2.900702
1.470162 2.006230 2.808234 2.750795 1.901642 1.521450 2.048764 2.373338 2.862341 2.798535 2.219483 1.751236 1.962248 1.743113 2.410879 2.095693 2.021138 2.622262 2.159715 2.289257 1.837586 1.571701 1.042278 1.636099 2.370353 2.357175 2.187909 2.376074 2.072583 2.077882 1.843273 2.065349 2.251122 2.210904 2.392502 2.803188 2.284060 2.155291 1.875799 1.588292 1.857993 2.352026 2.904186 2.836521 2.697354 2.584026 3.267592 3.277567
2.281849 2.264760 2.694372 3.327766 2.185830 1.510154 2.203002 2.535193 3.015779 2.506032 2.918899 2.728088 1.972897 2.120980 1.791649 1.588833 1.619905 2.099371 1.958068 1.951314 1.273160 2.211744 1.625341 1.861867 1.877750 2.317020 2.733911 2.593704 2.328222 1.877992 0.934342 1.999047 1.965626 3.022810 2.631386 3.137148 2.774387 2.700530 2.051754 1.871694 1.518651 2.600427 2.808457 2.105743 2.204357 2.012598 2.116532 2.212627
2.188557 2.887938 2.709444 2.619946 3.084568 2.441099 2.991774 2.748739 2.509988 2.521084 2.195363 2.342062 2.737629 2.488122 2.455494 1.860724 1.816258 2.934290 2.285936 2.495834 2.137528 2.706769 2.608484 2.572572 2.061471 2.357430 1.917640 3.123712 2.140805 2.401112 1.572604 1.933294 2.719501 2.611566 3.004603 3.214259 3.143163 2.556707 2.302039 2.175185 1.844363 2.081607 2.503139 1.993725 1.822985 1.612017 1.823800 1.960507
3.125471 2.593272 2.522552 2.914160 2.071532 2.638844 2.714627 3.231641 2.804095 2.312603 1.747560 2.291355 2.279973 2.519516 2.057946 2.060235 1.798417 2.147926 2.745497 2.839559 2.524663 2.575491 2.120625 2.198645 1.717714 1.760395 2.035234 2.891020 2.824182 2.734655 3.030457 3.025859 2.562782 3.000186 3.156436 2.617247 3.314175 1.948524 2.504773 2.285735 2.318434 1.736564 1.464948 2.052650 1.886356 2.640484 2.387589 1.982481
3.164532 2.879997 2.348959 2.400666 2.802286 1.400266 2.539400 3.055944 3.277822 2.638725 1.930740 1.557359 2.145316 2.519029 2.393957 1.681977 1.813666 1.310062 1.699772 2.152530 2.232871 2.133061 2.058707 2.109742 2.319840 2.565594 3.077227 3.064889 2.887009 3.308031 2.419505 2.743858 2.282399 2.226296 2.491437 1.878892 2.496356 2.495800 2.091971 2.610779 2.263239 1.770786 1.699764 2.214923 2.890723 2.499000 3.148372 1.849442
1.858932 2.194739 2.821724 2.553272 2.605659 1.823395 2.385769 2.802205 3.291480 2.868174 2.247438 1.845321 2.130529 2.391039 2.702233 2.297601 1.098879 1.187304 1.430600 1.824912 2.195946 2.281308 2.475349 2.725216 3.143047 2.755239 2.376456 2.524395 2.386788 2.812695 2.951418 1.722707 1.677102 1.549083 1.848604 2.119839 1.991982 2.747890 3.011722 1.786507 2.824162 1.669948 2.095176 2.406870 2.341943 2.542400 1.847489 2.471940
2.333106 1.722225 2.423735 2.197152 2.361977 2.149733 1.898008 2.753971 2.624304 2.631312 1.635401 2.236453 1.562819 2.178609 1.749951 2.425390 1.689287 1.861307 1.866760 3.072055 2.301998 1.968287 2.231858 2.535989 2.884213 1.938663 1.395327 1.505190 1.695857 2.376390 2.388169 1.655401 1.121160 0.803700 1.557165 2.002210 2.868247 2.516937 2.920141 2.406478 2.076247 2.647150 1.965587 2.615615 2.362883 1.797846 1.436654 1.574288
2.803934 1.973079 1.516633 1.620309 2.248386 2.397354 2.037503 2.834775 2.300541 2.639059 1.353459 2.279754 1.633632 2.199295 1.621938 2.817550 2.588805 2.344596 2.606263 2.952637 2.668278 1.992297 1.728181 2.166405 1.694090 1.371694 1.043747 1.630607 1.736212 2.168069 2.716708 1.696538 2.060752 1.036343 1.659563 1.765024 2.856433 2.048915 2.529176 2.456963 2.384731 2.469258 2.418070 3.281593 2.672625 1.959324 1.839830 1.605636
2.885054 2.107779 1.696253 1.075024 1.720913 2.221604 2.367942 2.146556 2.630160 2.778093 2.705207 2.547242 2.673397 2.606950 2.722582 2.312039 2.608431 2.473149 2.813012 2.886741 2.309927 2.337552 2.106024 2.387481 2.317187 2.238295 1.498683 1.717495 1.984446 2.386289 2.150948 2.536129 2.138317 2.182931 2.118173 1.612739 2.646657 2.082798 2.531908 2.728870 2.247020 2.098632 2.395514 2.963039 3.127374 2.774470 2.017714 2.143288
1.826992 2.206987 1.905962 1.178485 1.997314 1.843357 2.326811 2.332416 3.299508 2.107240 2.881554 2.627531 2.600076 2.460032 2.165337 2.339259 2.416053 2.999758 3.599046 2.769509 2.132613 1.839547 2.307715 2.495125 2.312002 2.198899 1.624547 1.227469 2.309618 1.938985 2.083289 1.768628 2.727343 1.914352 2.097120 2.002106 1.954911 2.705000 2.280906 2.945903 3.229186 2.151553 2.032346 2.793167 2.624000 2.886735 2.097972 2.338874
2.136894 2.127153 2.375191 2.309094 2.221147 2.342962 3.118069 2.739400 2.377665 2.478460 1.558397 2.065293 1.952414 1.704959 1.988428 2.340564 2.601956 2.503613 2.171398 2.517005 1.708058 1.359309 1.870017 2.043001 2.172402 2.025819 2.051689 2.255965 2.014549 1.817420 1.268844 1.530360 1.802110 2.933873 1.173782 2.064616 2.118680 1.863087 2.646695 2.748638 2.734272 3.232949 2.024913 1.889197 2.026416 1.937463 1.779082 1.921671
2.503310 2.367704 1.893871 2.740961 2.709451 3.416786 2.899400 2.948047 1.757257 1.921006 2.000779 1.882406 1.972516 1.458499 1.638034 1.920079 2.481657 1.727651 2.377523 1.471492 2.275212 0.905502 1.243688 2.059520 1.320730 1.994954 2.452674 2.564445 2.438073 1.571039 1.836982 2.306993 2.252730 2.227860 2.090650 1.379827 2.088333 2.361491 1.841541 3.190408 2.072528 2.658375 2.139624 2.465099 1.768027 1.730472 1.995402 2.377038
2.860890 2.147115 2.095035 1.816568 2.878160 2.662648 2.521158 1.753740 1.414594 1.714235 2.165401 1.632461 1.060704 1.333489 1.390652 1.655295 2.134499 2.868080 1.860615 2.014671 1.190329 1.458354 1.559441 1.700982 1.980761 1.389330 2.517335 2.123598 2.545911 2.809324 1.895554 2.077755 2.315297 2.481565 2.488341 2.212007 2.620660 2.556551 2.758100 1.803756 2.196835 1.838595 1.947811 2.883636 2.524618 2.372387 2.384056 1.841862
3.008188 1.683063 2.499880 1.530188 2.027342 2.053071 1.789534 1.637457 1.643107 1.432109 1.774876 1.725676 1.730251 1.613491 1.942125 1.743042 2.369446 2.511211 2.624521 1.846089 1.732086 1.609765 1.906536 1.708751 1.520365 1.471404 2.167640 2.702451 2.453044 2.569617 2.729245 1.529783 2.454617 2.966665 3.364162 2.559280 3.041712 2.451156 2.439012 1.706259 1.446047 2.265346 1.958522 2.433368 2.640263 2.130701 2.281954 2.281574
2.125973 2.321235 2.692455 2.312386 2.227342 2.515491 2.487156 2.067442 1.170251 1.362667 1.313913 1.531824 2.234508 2.125122 2.371608 2.183384 2.064658 2.687252 2.414735 1.925000 1.795340 1.791033 1.644778 1.631210 2.126293 2.374228 2.307495 2.852167 2.352925 2.165260 2.114919 3.037479 2.344557 2.555920 2.858467 2.256816 2.244944 1.955407 2.156708 1.813055 1.564915 2.060169 2.275104 2.059816 2.275573 2.021124 2.292493 2.223105
2.401896 2.978423 2.272858 2.504153 2.123147 2.121153 2.492607 1.781096 1.233793 1.367887 1.541796 2.126545 2.524364 3.131201 2.745011 2.665417 2.576061 2.139894 2.240325 2.384164 1.439701 2.108202 1.740117 2.612983 1.806231 2.274403 3.297976 2.753288 2.811987 1.960421 2.710889 2.254179 2.939860 1.970443 2.436992 2.084249 1.840534 1.528663 2.598324 2.661041 2.670155 2.281493 2.831915 2.802066 2.306144 2.365965 1.792114 2.345649
2.226476 2.804771 2.357560 1.761764 1.987093 2.292500 2.521129 2.128809 2.128524 1.611183 2.537704 2.108657 3.191362 2.530106 2.726631 1.711671 2.168223 2.679244 2.114639 2.079888 1.659883 2.441918 2.382190 2.260250 2.275971 2.021515 2.541562 3.463942 3.384465 2.444640 1.795017 2.374819 2.352152 2.520344 1.985828 1.432618 1.228262 1.736257 2.603889 3.005186 2.720691 2.439605 2.135892 1.986154 2.336736 2.774543 2.484886 2.149094
2.992898 2.230304 2.242908 2.134897 1.597282 2.715973 2.582625 2.747673 2.448735 1.927651 2.362674 2.768795 2.557606 2.608783 1.693537 2.491872 1.681816 2.344343 2.239594 2.125289 1.983492 1.934263 2.894377 2.356023 1.526453 1.789372 2.695799 3.453769 3.398072 2.897246 2.190140 2.342700 2.605171 2.230706 1.781928 2.185101 1.366065 2.249901 2.248202 2.800253 2.203891 1.557701 1.696992 2.522881 2.269153 2.983286 2.870758 2.220789
2.968072 2.379521 1.539702 2.164148 2.437420 2.337306 3.337463 2.626521 2.721331 2.532682 2.582907 2.388866 2.582258 1.655203 2.724761 2.167542 2.500550 1.663325 1.983835 1.667569 2.917727 2.419514 2.435977 2.392724 1.987916 1.836061 2.472644 2.881655 3.178518 2.126060 2.307740 2.011592 2.475078 2.089916 2.772513 2.139980 2.106570 1.963611 2.099133 2.103343 1.464198 1.791390 2.488640 2.885920 2.612227 2.314479 2.037402 1.991557
2.476079 2.020857 2.065987 1.532120 3.083206 2.995705 2.947109 2.827886 2.129935 2.497221 2.367850 2.233283 1.925871 2.301466 2.625197 2.406041 2.530761 1.603992 1.659323 1.455175 1.930011 2.882366 2.469145 2.282268 2.168022 2.187456 2.822049 2.994505 2.062846 2.206604 1.333730 1.589867 1.576585 2.200410 2.151152 2.567929 1.694388 2.513015 2.383715 2.065522 2.218464 2.298723 2.737330 2.539501 2.278311 1.535215 1.767645 1.854332
1.965416 2.281786 1.921857 2.738842 2.183832 3.266446 2.276622 1.793914 1.674796 2.118741 2.784992 1.903572 2.004424 1.444965 2.274623 1.867696 1.536365 1.367620 1.362214 1.924620 1.529638 2.975138 2.364686 2.573188 1.715573 2.724336 1.795354 2.663990 2.349008 1.745814 2.328903 1.482375 1.838826 2.317042 1.909726 2.557733 1.851081 1.967947 1.673599 2.614891 2.353971 2.673070 2.108044 2.532246 1.859692 2.047810 2.291713 1.992785
2.491070 1.614284 2.497511 2.464130 2.845328 1.877702 2.046552 1.643157 1.296463 2.500580 2.215965 2.568070 1.743083 2.220779 1.588995 1.664435 1.704291 1.778615 1.824329 2.105833 2.448353 2.461216 2.356391 2.208147 1.549849 1.671712 1.584074 1.753697 2.224241 2.354959 1.647594 2.804487 2.270101 2.453449 2.440852 2.495684 2.061647 2.296874 2.033356 1.664145 2.702050 2.331006 2.683604 1.937954 2.647101 2.551504 2.256963 2.344113
