0.986081 0.987715 0.960304 0.936218 0.998475 0.922246 0.959028 0.990629 0.981845 0.997929 0.864917 0.962818 0.991051 0.980534 0.945915 0.879134 0.988169 0.966924 0.990373 0.934402
0.973690 0.988079 0.968843 0.953468 0.913790 0.982696 0.978254 0.940474 0.982945 0.951297 0.992239 0.904953 0.997055 0.999276 0.989189 0.981797 0.934559 0.990735 0.999709 0.904943
0.997551 0.940258 0.873791 0.939119 0.922582 0.951343 0.964938 0.974239 0.938276 0.977733 0.997453 0.988111 0.970615 0.983194 0.974548 0.986069 0.953307 0.993042 0.943300 0.990693
0.994184 0.977388 0.958139 0.992632 0.985067 0.985208 0.965843 0.898326 0.943034 0.944869 0.995010 0.907894 0.975556 0.965921 0.942573 0.986782 0.985343 0.957204 0.918599 0.988285
0.948748 0.935366 0.983127 0.925822 0.996339 0.909824 0.932744 0.987822 0.893291 0.902122 0.952694 0.989733 0.998671 0.980429 0.916538 0.920599 0.905129 0.936202 0.980441 0.955723
0.967092 0.971363 0.956369 0.947863 0.991464 0.984210 0.979637 0.958872 0.967335 0.975918 0.991421 0.954778 0.956971 0.953121 0.969525 0.975767 0.991721 0.994934 0.988503 0.997264
0.957811 0.974795 0.840318 0.968618 0.975640 0.962353 0.919912 0.987740 0.956235 0.986500 0.918926 0.981099 0.987614 0.868491 0.988536 0.943917 0.933423 0.945886 0.997519 0.910862
0.976502 0.931092 0.939547 0.944037 0.942247 0.993358 0.975344 0.977646 0.860295 0.999129 0.952228 0.950996 0.950333 0.987681 0.910397 0.985002 0.977298 0.988309 0.913676 0.976139
0.974725 0.963939 0.989148 0.989273 0.963700 0.986198 0.973426 0.963470 0.880276 0.987346 0.993457 0.993940 0.895726 0.883388 0.957768 0.976928 0.977970 0.890691 0.988045 0.961172
0.987346 0.993657 0.972829 0.998950 0.888757 0.920058 0.953466 0.980030 0.968153 0.995924 0.988422 0.934252 0.993521 0.876543 0.982379 0.984285 0.920206 0.989463 0.889415 0.968956
0.994123 0.982582 0.959713 0.929519 0.997297 0.996077 0.986441 0.997353 0.972662 0.964442 0.984219 0.905972 0.951472 0.963773 0.973361 0.998541 0.980228 0.966839 0.955008 0.965373
0.911459 0.976087 0.981295 0.955327 0.967540 0.989233 0.997161 0.987624 0.991430 0.953060 0.986743 0.976529 0.940116 0.909703 0.998236 0.944772 0.927076 0.889300 0.998835 0.883748
0.980652 0.979408 0.941130 0.972386 0.976536 0.928354 0.874668 0.972854 0.892788 0.910775 0.959316 0.908653 0.950643 0.996792 0.999865 0.985817 0.991130 0.991833 0.916460 0.956349
0.960949 0.983048 0.989667 0.964057 0.977670 0.883865 0.936227 0.999161 0.958995 0.981139 0.881738 0.964977 0.984018 0.984748 0.866695 0.960743 0.998537 0.989864 0.931262 0.950174
0.988237 0.987813 0.978505 0.971054 0.970441 0.913569 0.997696 0.959015 0.908087 0.969847 0.899920 0.968260 0.856185 0.979084 0.988594 0.999754 0.996396 0.950497 0.909267 0.966127
0.910034 0.941039 0.976720 0.959082 0.967400 0.892886 0.962092 0.978215 0.997476 0.990238 0.970542 0.997006 0.994533 0.971245 0.953289 0.985730 0.908608 0.972461 0.899104 0.761187
0.898975 0.961172 0.946673 0.960746 0.975230 0.978260 0.973086 0.978173 0.991353 0.891660 0.981594 0.963797 0.956805 0.998428 0.935336 0.992053 0.980618 0.981682 0.980529 0.986529
0.977091 0.983691 0.975533 0.948578 0.986415 0.914685 0.912693 0.991229 0.957919 0.949263 0.990112 0.912239 0.888736 0.989207 0.983923 0.863390 0.979730 0.991983 0.972179 0.899271
0.990584 0.994707 0.968102 0.977377 0.951388 0.972419 0.970984 0.957454 0.999594 0.893240 0.950822 0.884658 0.989238 0.938474 0.953805 0.964305 0.786244 0.956393 0.996596 0.910366
0.957974 0.917973 0.945489 0.997025 0.997600 0.948482 0.996246 0.992966 0.974431 0.974385 0.985480 0.860366 0.983637 0.977898 0.821206 0.984629 0.946800 0.990407 0.904341 0.894457
