0.633599 0.696965 0.499853 0.157093 0.554528 0.598050 0.507850 0.062353 0.302904 0.078682 0.704598 0.311987 0.565920 0.474120 0.322640 0.241314 0.482342 0.322770 0.633121 0.743743 0.193597 0.393093 0.685383 0.695401 0.544831 0.071385 0.516318 0.325383 0.338543 0.719319 0.622319 0.414245 0.680830 0.397427 0.079895 0.655521 0.402621 0.564535 0.567454 0.423417 0.531225 0.354305 0.185647 0.667717 0.003651 0.193100 0.396563 0.613391 0.449311 0.731525
0.654560 0.256534 0.253512 0.334509 0.595898 0.229342 0.038547 0.215042 0.267572 0.275984 0.382515 0.653555 0.671902 0.444306 0.615829 0.500057 0.717113 0.644357 0.697053 0.181897 0.593616 0.494837 0.294395 0.230278 0.726400 0.050552 0.255339 0.228854 0.580631 0.431227 0.527805 0.610100 0.693839 0.543716 0.705678 0.147844 0.393140 0.141764 0.121404 0.351001 0.563432 0.031161 0.080189 0.471246 0.745057 0.460011 0.751410 0.348611 0.070966 0.270448
0.351723 0.614549 0.741669 0.729796 0.690804 0.126043 0.445780 0.268682 0.028728 0.674720 0.696910 0.629197 0.645611 0.597865 0.505870 0.334786 0.716991 0.249348 0.228128 0.681787 0.186395 0.732423 0.518850 0.752929 0.485617 0.352948 0.622738 0.660589 0.534320 0.081722 0.574405 0.457680 0.088552 0.039346 0.125736 0.415957 0.662514 0.602911 0.598508 0.428576 0.482932 0.059280 0.335918 0.384137 0.219839 0.069588 0.309657 0.437096 0.567785 0.527522
0.643802 0.424334 0.633592 0.498488 0.460164 0.745352 0.753680 0.544886 0.572257 0.695102 0.481343 0.425846 0.138151 0.316037 0.332233 0.704788 0.397495 0.416209 0.675396 0.607290 0.759279 0.364209 0.614051 0.644787 0.493203 0.574691 0.752310 0.630951 0.667645 0.590647 0.538202 0.425075 0.083484 0.601702 0.737176 0.002165 0.272092 0.712069 0.398514 0.736971 0.610705 0.017792 0.639743 0.399341 0.251997 0.464742 0.578131 0.470338 0.760605 0.378306
0.186658 0.383868 0.222373 0.278960 0.444014 0.270809 0.330971 0.400532 0.667958 0.585061 0.695485 0.313236 0.644317 0.571033 0.056625 0.110421 0.010210 0.271425 0.711898 0.535869 0.362030 0.660986 0.552840 0.652386 0.316723 0.569187 0.442211 0.214248 0.629275 0.488356 0.362471 0.475402 0.431296 0.024389 0.555340 0.710161 0.299961 0.607175 0.425021 0.562090 0.743261 0.557184 0.733259 0.119059 0.652290 0.744947 0.382516 0.375479 0.397941 0.206896
0.334557 0.407773 0.709532 0.154179 0.382928 0.464014 0.247707 0.729639 0.697500 0.150010 0.523812 0.522439 0.552076 0.557493 0.054641 0.699401 0.395794 0.629978 0.745158 0.301617 0.532110 0.671077 0.545540 0.044700 0.710945 0.712797 0.496656 0.281974 0.364258 0.207552 0.575275 0.290908 0.425242 0.737921 0.746078 0.699102 0.425915 0.205545 0.657726 0.030743 0.134745 0.395762 0.591877 0.695890 0.722054 0.059597 0.751292 0.733742 0.721208 0.324041
0.581715 0.271166 0.173307 0.176861 0.091853 0.322374 0.326422 0.673807 0.509945 0.059268 0.156159 0.213586 0.206502 0.373400 0.425489 0.733107 0.191503 0.722517 0.551425 0.717282 0.461496 0.411101 0.560334 0.521256 0.719834 0.584530 0.677658 0.057350 0.674720 0.139721 0.296567 0.619844 0.240948 0.626697 0.705765 0.013718 0.235212 0.629957 0.732043 0.311352 0.399806 0.726478 0.097241 0.276256 0.541602 0.608819 0.617646 0.437418 0.654309 0.534308
0.646692 0.667616 0.457194 0.740152 0.050145 0.713133 0.009117 0.497116 0.562090 0.556709 0.566639 0.212820 0.489952 0.575909 0.339599 0.114433 0.488017 0.112327 0.630702 0.533823 0.339863 0.353809 0.572496 0.634001 0.411870 0.249778 0.675035 0.564447 0.743069 0.331139 0.019631 0.749096 0.483638 0.415925 0.246711 0.549033 0.165697 0.531680 0.154675 0.602681 0.597605 0.323993 0.475687 0.682154 0.655992 0.349230 0.721808 0.158038 0.730054 0.336126
0.455366 0.676679 0.027479 0.410628 0.511452 0.601884 0.671164 0.291282 0.692877 0.623089 0.628357 0.240799 0.497943 0.717668 0.238920 0.085421 0.674437 0.709195 0.718447 0.043879 0.460132 0.696562 0.333176 0.097223 0.709354 0.462067 0.507948 0.657753 0.128073 0.378373 0.308699 0.406951 0.563288 0.278759 0.282334 0.132157 0.163302 0.330715 0.755792 0.611762 0.719664 0.698977 0.128561 0.005936 0.221104 0.437584 0.377657 0.647898 0.139447 0.700530
0.719636 0.500801 0.687956 0.485745 0.571411 0.350946 0.307820 0.738071 0.559926 0.038787 0.491953 0.617001 0.104243 0.700133 0.068875 0.752406 0.501724 0.570481 0.669202 0.325191 0.711712 0.590764 0.674582 0.295655 0.313122 0.442634 0.470113 0.172039 0.390445 0.171912 0.518500 0.137044 0.734462 0.758686 0.707068 0.567581 0.495156 0.274540 0.069747 0.106780 0.222475 0.207192 0.678856 0.466090 0.174150 0.724165 0.100739 0.717044 0.720075 0.731972
0.708269 0.350865 0.028933 0.726699 0.636440 0.706045 0.638718 0.509036 0.456517 0.612224 0.189240 0.734034 0.592603 0.536462 0.634226 0.036767 0.498074 0.496068 0.653781 0.168438 0.604647 0.679790 0.142011 0.581228 0.263686 0.753270 0.700506 0.115737 0.538744 0.675124 0.289920 0.145421 0.651135 0.552477 0.506026 0.209104 0.248748 0.498466 0.256916 0.629309 0.357967 0.254166 0.137501 0.076755 0.196101 0.727383 0.386552 0.195605 0.551932 0.638816
0.023811 0.362371 0.454445 0.299812 0.389904 0.761013 0.316838 0.632652 0.753485 0.661678 0.572559 0.631088 0.227248 0.130555 0.140767 0.723707 0.361649 0.070156 0.718670 0.731560 0.223332 0.227339 0.300315 0.728733 0.631387 0.594303 0.728533 0.406172 0.420397 0.238001 0.436919 0.237701 0.099353 0.714272 0.173921 0.666023 0.659427 0.559237 0.185825 0.752378 0.189945 0.755293 0.294038 0.603368 0.303212 0.691322 0.271648 0.609129 0.544034 0.274153
0.081196 0.316322 0.596348 0.105721 0.687899 0.751026 0.033723 0.625097 0.684252 0.405721 0.719832 0.120346 0.516598 0.617389 0.712936 0.532026 0.744696 0.303921 0.068247 0.041918 0.633505 0.654805 0.736744 0.687420 0.101250 0.385079 0.339394 0.505271 0.285369 0.643863 0.402194 0.262883 0.255342 0.485633 0.551988 0.757916 0.741401 0.130311 0.604533 0.271200 0.552318 0.336917 0.344745 0.472453 0.479729 0.438255 0.437537 0.606679 0.010079 0.761475
0.657586 0.511368 0.442391 0.709976 0.553300 0.632061 0.069061 0.539301 0.307277 0.724168 0.686804 0.663892 0.745740 0.653743 0.735619 0.326266 0.214383 0.252626 0.684029 0.445331 0.731444 0.544673 0.213175 0.612343 0.106849 0.723987 0.676702 0.090291 0.679226 0.529899 0.005652 0.585164 0.680359 0.673657 0.359103 0.681256 0.619330 0.633663 0.751295 0.356941 0.418091 0.230467 0.079735 0.729124 0.239932 0.595813 0.459483 0.211529 0.408867 0.727249
0.450334 0.650069 0.131038 0.719838 0.506997 0.294926 0.333351 0.367479 0.115838 0.338171 0.614866 0.421929 0.631993 0.722866 0.760775 0.062210 0.449695 0.549454 0.608863 0.405821 0.291980 0.040237 0.111833 0.118183 0.189926 0.506825 0.119247 0.605641 0.370845 0.537904 0.714461 0.249234 0.172178 0.270658 0.004224 0.170340 0.362442 0.340340 0.694587 0.456719 0.383596 0.243688 0.620058 0.246107 0.147967 0.353746 0.388593 0.060997 0.351879 0.588706
0.059924 0.367726 0.559586 0.627453 0.473334 0.498529 0.141882 0.476267 0.579707 0.370187 0.312320 0.390367 0.639888 0.488791 0.728999 0.655598 0.675851 0.124569 0.114188 0.521732 0.756335 0.111176 0.504316 0.513702 0.743170 0.382922 0.416382 0.748996 0.150027 0.315693 0.591699 0.749368 0.438540 0.411085 0.734165 0.620897 0.258795 0.026297 0.465572 0.445192 0.692804 0.013797 0.497191 0.752535 0.055984 0.280074 0.633090 0.617980 0.667521 0.666227
0.578379 0.365566 0.279350 0.373297 0.081687 0.757500 0.301124 0.552696 0.262268 0.192207 0.162513 0.151931 0.340374 0.499297 0.645220 0.300798 0.529757 0.367956 0.550802 0.685965 0.701155 0.404340 0.712578 0.408256 0.210150 0.721371 0.479932 0.285754 0.645396 0.099226 0.105528 0.650000 0.041909 0.719627 0.561427 0.416482 0.060155 0.466595 0.359294 0.329821 0.090354 0.104641 0.219799 0.699491 0.357958 0.312355 0.629514 0.497238 0.682740 0.055946
0.728135 0.758827 0.487087 0.674624 0.354242 0.491458 0.701829 0.382617 0.369175 0.370188 0.236692 0.122718 0.707390 0.264169 0.397430 0.221445 0.040563 0.007648 0.612269 0.730188 0.392385 0.401136 0.032811 0.153672 0.669106 0.201942 0.271039 0.448591 0.668508 0.582178 0.210806 0.594542 0.480517 0.424354 0.460591 0.206085 0.391172 0.544920 0.474755 0.343228 0.435787 0.731256 0.604152 0.356423 0.581826 0.060793 0.697577 0.462667 0.707773 0.262867
0.687805 0.616100 0.199729 0.112584 0.384635 0.154875 0.723579 0.400053 0.214444 0.056285 0.230198 0.515779 0.001709 0.607142 0.727479 0.533300 0.753051 0.677041 0.667716 0.657259 0.725797 0.127246 0.575152 0.521085 0.714490 0.706887 0.305080 0.605834 0.381988 0.201292 0.447521 0.151088 0.519504 0.515772 0.408726 0.628072 0.434365 0.690756 0.301689 0.726477 0.014760 0.268860 0.519436 0.602216 0.640049 0.726785 0.706650 0.457570 0.137411 0.703962
0.308324 0.219737 0.292674 0.070454 0.080127 0.703697 0.125473 0.754537 0.740139 0.688804 0.712382 0.510237 0.714019 0.671253 0.375630 0.694077 0.755098 0.484293 0.541944 0.738813 0.325323 0.749225 0.724801 0.183255 0.500048 0.076837 0.602201 0.537386 0.253111 0.205042 0.578118 0.106152 0.281836 0.393877 0.738678 0.201456 0.522871 0.287632 0.758565 0.733987 0.125879 0.409183 0.669010 0.057854 0.549744 0.754125 0.138197 0.714550 0.710774 0.061699
0.286444 0.031182 0.633565 0.753977 0.684643 0.315925 0.206423 0.751880 0.276638 0.108825 0.203327 0.171803 0.433952 0.541694 0.171341 0.076695 0.190408 0.219829 0.745348 0.623544 0.000487 0.057686 0.207776 0.612340 0.477285 0.408750 0.034512 0.654966 0.278384 0.256542 0.667096 0.202239 0.449596 0.609829 0.543338 0.634941 0.695564 0.200628 0.565914 0.286230 0.739006 0.305889 0.413202 0.744699 0.047345 0.629488 0.376394 0.122082 0.472135 0.672185
0.748035 0.101159 0.350309 0.586020 0.405901 0.691600 0.233833 0.346277 0.307186 0.652785 0.756653 0.592927 0.572484 0.706854 0.524789 0.522961 0.735134 0.016236 0.726734 0.315451 0.679349 0.004892 0.572199 0.016072 0.415580 0.110411 0.609737 0.414248 0.433748 0.431975 0.060816 0.666604 0.364349 0.711541 0.007998 0.359593 0.682495 0.742912 0.576944 0.021602 0.263123 0.220568 0.286780 0.557656 0.456974 0.649615 0.759232 0.355427 0.131128 0.226087
0.677758 0.640091 0.369314 0.631259 0.135087 0.123088 0.384981 0.542667 0.698374 0.213979 0.539330 0.570219 0.100095 0.067000 0.578948 0.718714 0.469181 0.651047 0.749743 0.708434 0.476262 0.256566 0.529715 0.220983 0.494369 0.288526 0.597483 0.650602 0.383204 0.003783 0.230609 0.692519 0.281562 0.511283 0.373845 0.161663 0.625155 0.462942 0.684064 0.344265 0.322015 0.674432 0.674489 0.053200 0.288916 0.500801 0.039687 0.370399 0.383441 0.579892
0.040957 0.149561 0.395124 0.673464 0.627644 0.255669 0.656779 0.686637 0.758238 0.254375 0.719911 0.213601 0.679432 0.295202 0.670088 0.511826 0.088340 0.105112 0.147585 0.134021 0.689494 0.509275 0.581819 0.169128 0.210338 0.664204 0.475555 0.479767 0.453194 0.008282 0.321869 0.203575 0.607844 0.680729 0.185821 0.081162 0.604095 0.184829 0.691383 0.031689 0.599607 0.347954 0.247635 0.184994 0.626588 0.460837 0.679402 0.701955 0.496473 0.630075
0.720352 0.120374 0.358164 0.760880 0.723135 0.580742 0.522448 0.288526 0.238983 0.743153 0.440778 0.226363 0.310640 0.433953 0.760052 0.425869 0.330873 0.010854 0.684923 0.472431 0.593989 0.309994 0.581396 0.523675 0.757470 0.024773 0.094427 0.544715 0.135503 0.134956 0.470248 0.659910 0.589258 0.514597 0.318402 0.204170 0.628798 0.430758 0.251748 0.622451 0.368865 0.356851 0.223069 0.450500 0.232355 0.735400 0.311704 0.310461 0.733538 0.549942
0.396940 0.494138 0.520428 0.422458 0.509905 0.269152 0.297700 0.546959 0.232743 0.506218 0.179405 0.733441 0.012127 0.134622 0.744408 0.209094 0.280573 0.493205 0.085129 0.599983 0.410143 0.135871 0.690419 0.702710 0.296188 0.616103 0.584597 0.591266 0.290369 0.165941 0.166128 0.038250 0.228402 0.502475 0.317407 0.492287 0.732108 0.453828 0.752223 0.398872 0.286133 0.610208 0.158296 0.222669 0.011430 0.297082 0.052500 0.586887 0.666953 0.713856
0.081702 0.353736 0.543080 0.072357 0.411463 0.712687 0.263188 0.529974 0.541193 0.750372 0.283741 0.724323 0.442702 0.374510 0.666642 0.472029 0.495751 0.658625 0.587121 0.071280 0.689175 0.103361 0.555808 0.438770 0.519426 0.421888 0.313428 0.704783 0.253307 0.028608 0.108547 0.671257 0.577538 0.163704 0.587136 0.612702 0.435544 0.080116 0.168482 0.715668 0.433239 0.661337 0.104204 0.445033 0.735762 0.729626 0.412765 0.063341 0.501361 0.472352
0.363498 0.570501 0.719078 0.198175 0.683907 0.706069 0.459089 0.460896 0.757613 0.137252 0.158124 0.434694 0.745822 0.560769 0.756443 0.515307 0.537180 0.014723 0.728211 0.216918 0.393740 0.745947 0.712238 0.097551 0.711640 0.688987 0.234641 0.642953 0.602252 0.605342 0.761527 0.159104 0.275589 0.525435 0.738131 0.366882 0.143035 0.539737 0.236973 0.457895 0.054035 0.614043 0.207743 0.032346 0.545539 0.505343 0.029340 0.677820 0.020668 0.472096
0.747036 0.130428 0.545416 0.021749 0.629880 0.546505 0.574917 0.712405 0.489267 0.238582 0.312782 0.620950 0.545639 0.761280 0.055053 0.207259 0.296936 0.032681 0.722087 0.270612 0.677981 0.698412 0.445717 0.699884 0.727423 0.531158 0.660095 0.698030 0.357618 0.431722 0.209947 0.649131 0.578759 0.231128 0.185349 0.446290 0.449112 0.500467 0.632136 0.748421 0.411046 0.633900 0.010729 0.581815 0.627944 0.380482 0.605579 0.285652 0.090012 0.452249
0.305729 0.753103 0.475805 0.397504 0.491058 0.072745 0.614300 0.697264 0.750719 0.060358 0.619606 0.551462 0.495791 0.397745 0.020503 0.403350 0.065499 0.665962 0.372607 0.509144 0.665542 0.229199 0.211974 0.496421 0.731337 0.148986 0.586957 0.692678 0.488317 0.693926 0.758837 0.383001 0.706981 0.700797 0.556453 0.725274 0.019992 0.427801 0.219868 0.081308 0.740786 0.181503 0.634157 0.451969 0.031387 0.123509 0.490630 0.162334 0.436567 0.125596
0.003604 0.485428 0.697093 0.615139 0.371795 0.748450 0.299575 0.754674 0.371148 0.491740 0.745574 0.525227 0.629075 0.679232 0.565979 0.443085 0.754315 0.352446 0.605651 0.572407 0.609792 0.290367 0.461393 0.753248 0.136885 0.576077 0.439234 0.077514 0.207458 0.344545 0.304727 0.216952 0.467217 0.026416 0.478417 0.386385 0.640770 0.199015 0.626450 0.181992 0.646958 0.441416 0.492789 0.162055 0.695936 0.758744 0.660086 0.661926 0.424932 0.080265
0.687051 0.597052 0.424642 0.033856 0.031488 0.125537 0.689864 0.339904 0.086112 0.366551 0.367941 0.339742 0.491071 0.281394 0.638994 0.474541 0.705924 0.410630 0.618959 0.686042 0.709013 0.088709 0.399552 0.023225 0.712448 0.304259 0.387138 0.232418 0.650855 0.699574 0.451732 0.615246 0.321605 0.669793 0.494416 0.470798 0.522960 0.750988 0.138059 0.424863 0.241517 0.464404 0.736690 0.550004 0.466995 0.376615 0.554654 0.467047 0.202221 0.617761
0.535102 0.127531 0.214330 0.162828 0.009838 0.551376 0.709834 0.662891 0.488238 0.198443 0.447182 0.385753 0.748608 0.751321 0.622869 0.346778 0.205490 0.702572 0.566954 0.612326 0.601724 0.466742 0.412540 0.519270 0.168041 0.181650 0.520498 0.159295 0.445920 0.229994 0.237976 0.694224 0.750826 0.221060 0.242029 0.708940 0.457971 0.291958 0.678005 0.505586 0.201441 0.708453 0.633362 0.618915 0.265103 0.483214 0.692230 0.714892 0.223892 0.052599
0.654770 0.206632 0.178311 0.177805 0.212579 0.512514 0.182692 0.751521 0.492546 0.717062 0.759260 0.629990 0.002229 0.040858 0.645172 0.571113 0.402425 0.647828 0.564933 0.692325 0.525148 0.743966 0.043819 0.068938 0.684198 0.379731 0.700678 0.204697 0.637071 0.421820 0.152837 0.707921 0.698826 0.232332 0.681075 0.586921 0.259974 0.245073 0.685848 0.055693 0.078263 0.702798 0.389785 0.543980 0.569577 0.275260 0.708981 0.460293 0.748554 0.283803
0.518821 0.216763 0.626984 0.706248 0.327215 0.195382 0.114984 0.650134 0.727231 0.648849 0.668145 0.438097 0.241908 0.027273 0.280022 0.253166 0.399994 0.377625 0.183721 0.053739 0.513586 0.750063 0.545269 0.412441 0.558549 0.725963 0.246061 0.387552 0.425504 0.410481 0.645385 0.500843 0.721822 0.054906 0.563221 0.541123 0.474080 0.287630 0.725660 0.601338 0.471297 0.559725 0.473778 0.714355 0.698953 0.618956 0.655101 0.297330 0.581856 0.449975
0.383310 0.189427 0.726260 0.009500 0.293273 0.736817 0.666901 0.665494 0.411546 0.389047 0.423290 0.041698 0.657877 0.577809 0.438723 0.690979 0.039779 0.333778 0.005104 0.594544 0.439669 0.619453 0.388133 0.161913 0.328643 0.330783 0.593597 0.134746 0.318235 0.199954 0.239594 0.031344 0.696333 0.323076 0.654038 0.389957 0.344504 0.712137 0.572090 0.685264 0.737407 0.404751 0.555735 0.015831 0.712757 0.298708 0.227077 0.468397 0.752410 0.711993
0.402710 0.348106 0.225433 0.515947 0.545858 0.005438 0.291007 0.541824 0.182816 0.532893 0.575444 0.217459 0.685085 0.446435 0.689381 0.648224 0.054001 0.678034 0.568329 0.503062 0.608185 0.429477 0.538538 0.004393 0.376370 0.555582 0.669229 0.149937 0.468760 0.573178 0.730943 0.011179 0.340252 0.606244 0.213940 0.136714 0.216177 0.201982 0.502469 0.635309 0.488561 0.412649 0.286571 0.131741 0.076083 0.606491 0.566720 0.281425 0.472840 0.368989
0.303720 0.709056 0.445360 0.135230 0.501557 0.554549 0.154585 0.708818 0.296024 0.714675 0.422585 0.450855 0.409899 0.049063 0.722536 0.646568 0.406573 0.644915 0.280239 0.602026 0.567935 0.246233 0.069215 0.374988 0.176233 0.513729 0.370161 0.700071 0.401639 0.711371 0.585998 0.411801 0.257852 0.128378 0.559188 0.568471 0.714031 0.520183 0.427411 0.032837 0.576818 0.483996 0.132641 0.135302 0.301536 0.542663 0.186809 0.413513 0.515690 0.152556
0.078827 0.622449 0.629555 0.712853 0.671306 0.152610 0.137812 0.299415 0.350573 0.527912 0.174184 0.625488 0.248314 0.091046 0.649384 0.270876 0.358323 0.156526 0.691578 0.274350 0.732778 0.324968 0.104673 0.247520 0.254868 0.641875 0.634754 0.113424 0.759873 0.215896 0.683650 0.715435 0.738305 0.721839 0.703706 0.713827 0.411711 0.750061 0.549923 0.515123 0.443233 0.098645 0.709138 0.441782 0.630002 0.247067 0.291038 0.753617 0.701457 0.419800
0.294018 0.234907 0.300526 0.371676 0.149583 0.005019 0.078031 0.723720 0.273215 0.669378 0.477028 0.740989 0.759150 0.648897 0.372224 0.747257 0.070290 0.677622 0.513355 0.580069 0.531681 0.699462 0.051731 0.067807 0.124757 0.360110 0.670443 0.439378 0.703899 0.690653 0.559954 0.538655 0.130595 0.211912 0.397726 0.162722 0.697117 0.053220 0.357711 0.420072 0.045751 0.328973 0.504358 0.272968 0.126072 0.254797 0.445468 0.704989 0.373183 0.594610
0.644380 0.729017 0.377782 0.690296 0.663918 0.651504 0.602654 0.622049 0.556000 0.176438 0.260997 0.220760 0.480814 0.675892 0.504355 0.451006 0.588951 0.617759 0.405247 0.138953 0.329518 0.500926 0.352354 0.666273 0.537195 0.691814 0.200034 0.613824 0.673907 0.596092 0.732835 0.685660 0.602524 0.219781 0.552334 0.619333 0.380628 0.325872 0.721003 0.382188 0.080938 0.251430 0.360407 0.470607 0.653436 0.731849 0.631180 0.759677 0.678605 0.544393
0.664803 0.581170 0.694870 0.706319 0.437431 0.046519 0.555957 0.633981 0.731569 0.437629 0.135854 0.550964 0.586717 0.599432 0.429564 0.313889 0.457019 0.329424 0.701086 0.593376 0.608871 0.062343 0.107188 0.548727 0.051660 0.735753 0.685457 0.035881 0.026529 0.012667 0.014042 0.419707 0.173377 0.129526 0.080513 0.386456 0.685679 0.124349 0.511982 0.515349 0.365696 0.469328 0.198283 0.291938 0.748320 0.559497 0.025985 0.683210 0.182428 0.181409
0.250879 0.124845 0.380535 0.103005 0.347774 0.701210 0.283654 0.633099 0.517772 0.148495 0.144318 0.365248 0.513960 0.473591 0.577763 0.673600 0.721170 0.520280 0.212330 0.347137 0.664340 0.612625 0.040285 0.189645 0.236678 0.019256 0.530988 0.459669 0.422375 0.235160 0.351880 0.675467 0.635172 0.113813 0.689331 0.744678 0.529003 0.686087 0.360491 0.365852 0.707955 0.304993 0.604307 0.731000 0.210570 0.352822 0.236197 0.120450 0.566371 0.659461
0.064769 0.136482 0.343607 0.528438 0.711242 0.750242 0.506243 0.472712 0.737074 0.198824 0.209063 0.460531 0.324012 0.696388 0.294909 0.155001 0.023601 0.107653 0.667787 0.459265 0.556437 0.384895 0.168497 0.538446 0.621598 0.551048 0.146920 0.333444 0.394692 0.727736 0.710359 0.507064 0.196929 0.320670 0.573914 0.597952 0.353265 0.504210 0.238471 0.603360 0.713500 0.082479 0.628776 0.726431 0.555526 0.726709 0.579002 0.394882 0.597905 0.547446
0.704612 0.736304 0.504364 0.375274 0.738055 0.324831 0.755238 0.628523 0.718813 0.741784 0.640445 0.173856 0.121414 0.702927 0.259459 0.737028 0.701565 0.631901 0.671343 0.185666 0.680757 0.339865 0.360600 0.327573 0.612951 0.096966 0.591612 0.257363 0.330154 0.289939 0.202886 0.733550 0.263089 0.318994 0.323704 0.486802 0.105048 0.101235 0.226361 0.709414 0.512418 0.230761 0.022645 0.676554 0.349452 0.616907 0.614122 0.124724 0.689667 0.267887
0.557159 0.022201 0.500091 0.162628 0.502439 0.673734 0.479770 0.271335 0.704421 0.193473 0.364855 0.530356 0.079151 0.711745 0.556425 0.063582 0.453933 0.147024 0.514988 0.646553 0.052695 0.740843 0.595899 0.138077 0.031945 0.708113 0.154124 0.714906 0.396109 0.388759 0.720913 0.166391 0.660015 0.677060 0.748173 0.736567 0.492406 0.265349 0.243961 0.362539 0.739140 0.718620 0.362705 0.538784 0.025032 0.702620 0.593338 0.504730 0.557281 0.701236
0.446743 0.059747 0.691702 0.341493 0.026337 0.194463 0.111216 0.681810 0.683066 0.588695 0.298913 0.147892 0.715117 0.670290 0.015279 0.383334 0.632217 0.526819 0.720113 0.179193 0.713860 0.720851 0.543427 0.760510 0.702008 0.620978 0.610857 0.614748 0.388679 0.091466 0.077004 0.405425 0.112414 0.615489 0.750376 0.194689 0.605170 0.056288 0.206506 0.550548 0.479786 0.009620 0.418293 0.096855 0.307030 0.561837 0.143530 0.537236 0.537174 0.259317
0.677041 0.282616 0.459818 0.460947 0.069892 0.459358 0.268332 0.133264 0.199719 0.580935 0.599194 0.346418 0.495544 0.371368 0.753710 0.759513 0.022686 0.682820 0.358127 0.755294 0.586649 0.639916 0.481271 0.428472 0.500796 0.129480 0.605865 0.655770 0.226506 0.586712 0.499529 0.706012 0.296143 0.607609 0.761425 0.456224 0.261492 0.596770 0.347946 0.429825 0.648689 0.136295 0.328807 0.374738 0.579312 0.205732 0.046562 0.144534 0.436060 0.745411
0.505179 0.035328 0.522623 0.591438 0.690472 0.189107 0.408057 0.396009 0.502059 0.335747 0.623326 0.060608 0.747510 0.666579 0.348248 0.757720 0.166381 0.689890 0.686083 0.415253 0.686698 0.296851 0.490545 0.180639 0.139670 0.259728 0.445397 0.287745 0.042526 0.420880 0.726736 0.073120 0.622698 0.442645 0.658125 0.114895 0.156743 0.691846 0.184284 0.425464 0.003877 0.494469 0.244751 0.583119 0.678411 0.081498 0.638542 0.753864 0.279037 0.150285
0.131624 0.758131 0.023481 0.257079 0.163895 0.672071 0.456620 0.088439 0.743087 0.626180 0.504637 0.444429 0.340539 0.642412 0.743913 0.175654 0.153129 0.746064 0.509769 0.145785 0.307833 0.151966 0.160321 0.463397 0.709073 0.574937 0.247449 0.739800 0.342044 0.298074 0.094334 0.516758 0.345541 0.564908 0.696633 0.420307 0.384629 0.039104 0.732946 0.737836 0.706442 0.664469 0.715913 0.381341 0.095263 0.545329 0.323521 0.188640 0.748933 0.323901
