0.521235 0.507947 0.400775 0.322488 0.456112 0.595948 0.460112 0.507511 0.572302 0.603369 0.577153 0.475849
0.487562 0.476883 0.506612 0.455864 0.610320 0.483065 0.487097 0.717366 0.567092 0.432108 0.383263 0.420389
0.510885 0.463167 0.586841 0.399261 0.566616 0.528184 0.522393 0.542379 0.480517 0.527628 0.566803 0.541988
0.366390 0.617190 0.485141 0.514190 0.473297 0.470156 0.436538 0.509625 0.505539 0.382252 0.504210 0.538755
0.459464 0.629409 0.451263 0.599929 0.348140 0.575716 0.550982 0.421091 0.508595 0.627480 0.541845 0.509235
0.409317 0.448612 0.398273 0.390834 0.402894 0.506313 0.527614 0.498313 0.528570 0.568843 0.461260 0.487911
0.456442 0.271849 0.567961 0.515884 0.469841 0.563728 0.374571 0.570451 0.536222 0.464576 0.441724 0.470150
0.441038 0.557893 0.539255 0.546110 0.458639 0.560677 0.568217 0.428832 0.597015 0.395802 0.506088 0.522569
0.507816 0.579253 0.581689 0.449208 0.502952 0.660995 0.552421 0.380872 0.646752 0.466901 0.499852 0.457506
0.570443 0.437313 0.513304 0.658170 0.429995 0.419587 0.439161 0.503719 0.666900 0.450145 0.575919 0.602409
0.532327 0.514227 0.598980 0.505133 0.336636 0.621044 0.495862 0.509198 0.583211 0.442628 0.590676 0.614873
0.693018 0.388155 0.641170 0.527120 0.559300 0.452903 0.500451 0.488341 0.612177 0.678765 0.495454 0.618115
